5.672772e-01 4.644227e-01 
5.645990e-01 4.621510e-01 
5.671757e-01 4.614519e-01 
NaN NaN 
NaN NaN 
NaN NaN 
5.625187e-01 4.550019e-01 
5.683538e-01 4.564875e-01 
5.662558e-01 4.551826e-01 
5.664330e-01 4.549290e-01 
5.651631e-01 4.538203e-01 
5.688049e-01 4.553684e-01 
-4.810755e-02 4.519431e-01 
5.688557e-01 4.546502e-01 
-4.852540e-02 4.520842e-01 
5.561427e-01 -3.619530e-02 
-4.769968e-02 4.544418e-01 
NaN NaN 
5.706062e-01 4.541732e-01 
5.704955e-01 4.551300e-01 
NaN NaN 
NaN NaN 
4.904505e-03 4.108625e-01 
-4.678510e-02 4.560481e-01 
NaN NaN 
5.698472e-01 4.558694e-01 
5.708484e-01 4.562124e-01 
NaN NaN 
5.697303e-01 4.562633e-01 
-4.661732e-02 4.605250e-01 
5.663215e-01 4.552703e-01 
5.651512e-01 4.560933e-01 
5.652400e-01 4.556146e-01 
-8.998068e-02 2.896339e-01 
NaN NaN 
5.728507e-01 4.612213e-01 
6.724428e-01 -7.634185e-02 
NaN NaN 
NaN NaN 
7.153417e-01 -7.037764e-02 
5.723390e-01 4.631133e-01 
NaN NaN 
5.724919e-01 4.607378e-01 
5.606627e-01 -3.260771e-02 
5.723935e-01 4.613439e-01 
NaN NaN 
5.657446e-01 4.564655e-01 
5.714655e-01 4.570463e-01 
6.201803e-01 -6.074614e-02 
5.683356e-01 4.539924e-01 
-3.482992e-03 4.070758e-01 
5.711422e-01 4.546975e-01 
5.702292e-01 4.534795e-01 
5.639964e-01 4.496583e-01 
5.707413e-01 4.526174e-01 
NaN NaN 
-4.631135e-02 4.524488e-01 
5.621447e-01 4.473633e-01 
5.671407e-01 4.493941e-01 
5.627810e-01 4.472872e-01 
-4.604669e-02 4.529924e-01 
NaN NaN 
NaN NaN 
NaN NaN 
NaN NaN 
-4.664390e-02 4.538967e-01 
NaN NaN 
5.533614e-01 -4.053106e-02 
5.712041e-01 4.547268e-01 
5.706447e-01 4.555278e-01 
-4.591249e-02 4.577005e-01 
NaN NaN 
-4.585578e-02 4.583103e-01 
-4.573941e-02 4.597455e-01 
5.636321e-01 4.544619e-01 
NaN NaN 
NaN NaN 
NaN NaN 
5.706524e-01 4.585984e-01 
5.704467e-01 4.580739e-01 
5.707669e-01 4.582106e-01 
5.713927e-01 4.580550e-01 
5.679603e-01 4.569087e-01 
NaN NaN 
5.631043e-01 4.545865e-01 
5.704167e-01 4.573479e-01 
5.673924e-01 4.561046e-01 
5.672986e-01 4.558212e-01 
-4.663615e-02 4.573372e-01 
-4.646490e-02 4.576797e-01 
5.625552e-01 4.529453e-01 
5.650449e-01 4.541405e-01 
5.707178e-01 4.577397e-01 
-4.663086e-02 4.557123e-01 
-4.734150e-02 4.561341e-01 
5.624117e-01 4.514100e-01 
5.635712e-01 4.528919e-01 
NaN NaN 
-4.669549e-02 4.569416e-01 
5.709481e-01 4.548502e-01 
NaN NaN 
NaN NaN 
NaN NaN 
5.541211e-01 -3.805664e-02 
5.718331e-01 4.547463e-01 
5.627303e-01 4.512882e-01 
5.706800e-01 4.534125e-01 
-4.672374e-02 4.565769e-01 
5.703293e-01 4.535336e-01 
5.699585e-01 4.534667e-01 
NaN NaN 
NaN NaN 
5.705490e-01 4.529440e-01 
NaN NaN 
NaN NaN 
NaN NaN 
-4.633958e-02 4.536403e-01 
-4.691350e-02 4.542881e-01 
NaN NaN 
NaN NaN 
5.673017e-01 4.525221e-01 
5.632803e-01 4.510482e-01 
NaN NaN 
NaN NaN 
5.628825e-01 4.520544e-01 
NaN NaN 
NaN NaN 
NaN NaN 
NaN NaN 
5.700004e-01 4.563198e-01 
NaN NaN 
5.720388e-01 4.561407e-01 
5.686251e-01 4.563117e-01 
5.675278e-01 4.562054e-01 
5.721358e-01 4.573160e-01 
NaN NaN 
5.696087e-01 4.565062e-01 
-4.555159e-02 4.580889e-01 
NaN NaN 
NaN NaN 
-4.652511e-02 4.564275e-01 
5.631950e-01 4.533817e-01 
NaN NaN 
NaN NaN 
5.687004e-01 4.555122e-01 
NaN NaN 
NaN NaN 
5.664417e-01 4.543896e-01 
5.669422e-01 4.543076e-01 
5.680079e-01 4.567143e-01 
5.709079e-01 4.566864e-01 
NaN NaN 
NaN NaN 
5.629195e-01 4.542107e-01 
5.639056e-01 4.537274e-01 
NaN NaN 
NaN NaN 
5.704945e-01 4.555071e-01 
-4.710694e-02 4.563772e-01 
NaN NaN 
5.626431e-01 4.530081e-01 
5.700046e-01 4.550135e-01 
5.574697e-01 -3.813732e-02 
5.629602e-01 4.509137e-01 
5.568253e-01 -3.881623e-02 
NaN NaN 
NaN NaN 
NaN NaN 
5.640891e-01 4.499292e-01 
NaN NaN 
5.683651e-01 4.524666e-01 
NaN NaN 
NaN NaN 
NaN NaN 
NaN NaN 
NaN NaN 
5.547677e-01 -3.989021e-02 
6.204801e-01 -6.050764e-02 
NaN NaN 
-4.780166e-02 4.538399e-01 
-4.768798e-02 4.548351e-01 
5.687512e-01 4.536689e-01 
5.708350e-01 4.525065e-01 
5.709692e-01 4.529512e-01 
5.678302e-01 4.508844e-01 
NaN NaN 
NaN NaN 
5.675641e-01 4.526010e-01 
5.674500e-01 4.526332e-01 
-4.626436e-02 4.521883e-01 
5.624178e-01 4.496626e-01 
5.536329e-01 -4.147939e-02 
7.171906e-01 -7.683566e-02 
-4.738957e-02 4.529637e-01 
NaN NaN 
NaN NaN 
NaN NaN 
NaN NaN 
5.672163e-01 4.522015e-01 
NaN NaN 
5.324620e-01 4.034977e-01 
-4.729338e-02 4.528790e-01 
5.628388e-01 4.492256e-01 
NaN NaN 
5.688119e-01 4.519692e-01 
5.692641e-01 4.521782e-01 
-4.583735e-02 4.531213e-01 
5.694715e-01 4.537729e-01 
NaN NaN 
5.664012e-01 4.525872e-01 
NaN NaN 
NaN NaN 
5.698279e-01 4.539830e-01 
-4.642128e-02 4.528245e-01 
5.690253e-01 4.538227e-01 
NaN NaN 
5.346459e-01 4.035897e-01 
5.702488e-01 4.532031e-01 
5.701707e-01 4.525768e-01 
5.342335e-01 4.033193e-01 
NaN NaN 
5.709709e-01 4.526158e-01 
5.615935e-01 4.500352e-01 
-4.773593e-02 4.531292e-01 
-1.114451e-02 4.061481e-01 
NaN NaN 
5.942611e-03 4.083589e-01 
5.631000e-01 4.507040e-01 
5.631151e-01 4.502053e-01 
3.701504e-03 4.056141e-01 
5.568126e-01 -3.837999e-02 
5.625308e-01 4.502274e-01 
5.629502e-01 4.485385e-01 
6.200953e-01 -6.281297e-02 
5.693493e-01 4.527655e-01 
NaN NaN 
5.714082e-01 4.526222e-01 
5.702579e-01 4.525248e-01 
NaN NaN 
-4.749909e-02 4.520876e-01 
-4.607532e-02 4.520791e-01 
-4.639949e-02 4.523678e-01 
NaN NaN 
5.619489e-01 4.485751e-01 
NaN NaN 
NaN NaN 
5.694625e-01 4.532022e-01 
5.539845e-01 -3.980229e-02 
NaN NaN 
NaN NaN 
NaN NaN 
NaN NaN 
5.706940e-01 4.523724e-01 
NaN NaN 
NaN NaN 
NaN NaN 
5.637834e-01 4.492714e-01 
NaN NaN 
5.697464e-01 4.537413e-01 
-4.763232e-02 4.539433e-01 
5.646112e-01 4.504700e-01 
5.708968e-01 4.529974e-01 
NaN NaN 
5.702691e-01 4.539310e-01 
5.701862e-01 4.532364e-01 
-4.637048e-02 4.526171e-01 
-4.711445e-02 4.530938e-01 
5.706133e-01 4.524296e-01 
5.630687e-01 4.490137e-01 
NaN NaN 
5.694823e-01 4.523660e-01 
NaN NaN 
NaN NaN 
5.704996e-01 4.538600e-01 
5.703921e-01 4.529560e-01 
5.698337e-01 4.536997e-01 
5.707931e-01 4.519704e-01 
5.701969e-01 4.527198e-01 
5.709021e-01 4.526790e-01 
NaN NaN 
-4.646395e-02 4.523433e-01 
5.691570e-01 4.526853e-01 
NaN NaN 
5.683490e-01 4.536744e-01 
5.711230e-01 4.542423e-01 
NaN NaN 
NaN NaN 
5.702050e-01 4.542770e-01 
5.702815e-01 4.539580e-01 
5.626376e-01 4.498154e-01 
NaN NaN 
NaN NaN 
5.660233e-01 4.521730e-01 
NaN NaN 
6.352024e-01 -7.249488e-02 
5.671636e-01 4.525120e-01 
NaN NaN 
NaN NaN 
NaN NaN 
NaN NaN 
5.701745e-01 4.530878e-01 
5.709222e-01 4.548192e-01 
5.702101e-01 4.537169e-01 
-1.254318e-02 4.086978e-01 
NaN NaN 
NaN NaN 
NaN NaN 
NaN NaN 
NaN NaN 
NaN NaN 
5.698025e-01 4.525934e-01 
5.693890e-01 4.538928e-01 
5.710390e-01 4.532934e-01 
-4.654702e-02 4.529610e-01 
5.705246e-01 4.533815e-01 
NaN NaN 
NaN NaN 
-4.663401e-02 4.530108e-01 
5.679160e-01 4.512831e-01 
NaN NaN 
-4.716463e-02 4.529853e-01 
NaN NaN 
NaN NaN 
NaN NaN 
NaN NaN 
NaN NaN 
NaN NaN 
NaN NaN 
NaN NaN 
NaN NaN 
5.706563e-01 4.521304e-01 
NaN NaN 
-4.775693e-02 4.528316e-01 
5.709166e-01 4.529550e-01 
5.692480e-01 4.527101e-01 
6.070275e-01 -4.506210e-02 
NaN NaN 
5.699046e-01 4.521007e-01 
5.680474e-01 4.508946e-01 
5.674408e-01 4.509281e-01 
5.635599e-01 4.503103e-01 
NaN NaN 
5.700293e-01 4.538374e-01 
5.711707e-01 4.511775e-01 
5.628018e-01 4.495658e-01 
5.708353e-01 4.529890e-01 
5.700738e-01 4.532907e-01 
5.702703e-01 4.531524e-01 
5.701613e-01 4.536289e-01 
5.696860e-01 4.531952e-01 
NaN NaN 
-1.311403e-02 4.094478e-01 
5.704733e-01 4.527015e-01 
-4.661221e-02 4.526942e-01 
5.636476e-01 4.494208e-01 
5.629048e-01 4.490403e-01 
5.633024e-01 4.492609e-01 
5.655279e-01 4.503237e-01 
NaN NaN 
5.884465e-01 -6.881169e-02 
5.622487e-01 4.496431e-01 
5.708945e-01 4.545796e-01 
5.626436e-01 4.489993e-01 
5.698775e-01 4.522903e-01 
5.671833e-01 4.510261e-01 
5.634627e-01 4.494435e-01 
NaN NaN 
5.710544e-01 4.536978e-01 
-4.768975e-02 4.525266e-01 
5.685312e-01 4.520468e-01 
5.543812e-01 -4.234793e-02 
5.712120e-01 4.527061e-01 
-4.747432e-02 4.529031e-01 
-4.633081e-02 4.527990e-01 
5.704419e-01 4.520272e-01 
5.706841e-01 4.520589e-01 
-4.572879e-02 4.520288e-01 
5.706514e-01 4.536146e-01 
NaN NaN 
5.528766e-01 -4.210378e-02 
5.527865e-01 -4.340408e-02 
5.628085e-01 4.495142e-01 
NaN NaN 
NaN NaN 
-4.737169e-02 4.527932e-01 
5.704907e-01 4.514138e-01 
-4.709734e-02 4.519659e-01 
5.701391e-01 4.530404e-01 
-4.553680e-02 4.519201e-01 
NaN NaN 
NaN NaN 
NaN NaN 
5.678342e-01 4.519973e-01 
5.352455e-01 4.057547e-01 
5.358487e-01 4.047712e-01 
5.660691e-01 4.508466e-01 
-3.762296e-02 -5.498633e-02 
NaN NaN 
5.661252e-01 4.517838e-01 
-1.641109e-02 4.081166e-01 
NaN NaN 
5.701995e-01 4.525983e-01 
5.703993e-01 4.535127e-01 
5.641656e-01 4.510556e-01 
-6.522038e-02 4.480957e-01 
5.702833e-01 4.530846e-01 
5.551666e-01 -3.812968e-02 
5.681997e-01 4.525433e-01 
NaN NaN 
-4.611097e-02 4.520750e-01 
NaN NaN 
5.685690e-01 4.526823e-01 
5.324072e-01 4.048206e-01 
5.674876e-01 4.513012e-01 
5.705269e-01 4.523571e-01 
NaN NaN 
-4.714219e-02 4.533873e-01 
5.553555e-01 -4.216829e-02 
5.710467e-01 4.518278e-01 
-4.711345e-02 4.517130e-01 
5.532169e-01 -4.297761e-02 
5.691333e-01 4.531913e-01 
4.865912e-03 4.039463e-01 
5.706460e-01 4.509032e-01 
5.545743e-01 -4.278829e-02 
5.704503e-01 4.537850e-01 
5.700749e-01 4.525201e-01 
NaN NaN 
5.699264e-01 4.534812e-01 
5.692518e-01 4.542448e-01 
NaN NaN 
5.705969e-01 4.538831e-01 
NaN NaN 
NaN NaN 
NaN NaN 
5.703988e-01 4.499168e-01 
NaN NaN 
-4.650512e-02 4.512647e-01 
NaN NaN 
NaN NaN 
5.633309e-01 4.492779e-01 
5.707727e-01 4.521636e-01 
5.705047e-01 4.527403e-01 
5.630188e-01 4.498090e-01 
-1.299393e-02 4.073113e-01 
NaN NaN 
-3.866566e-03 4.037032e-01 
NaN NaN 
-4.023140e-03 4.043354e-01 
5.705349e-01 4.525629e-01 
2.113440e-03 4.049139e-01 
5.714763e-01 4.504901e-01 
NaN NaN 
5.537351e-01 -4.270898e-02 
5.713369e-01 4.516120e-01 
NaN NaN 
NaN NaN 
5.538292e-01 -3.927557e-02 
-4.654226e-02 4.519424e-01 
5.675216e-01 4.515402e-01 
NaN NaN 
NaN NaN 
5.633795e-01 4.489820e-01 
5.625042e-01 4.483325e-01 
NaN NaN 
NaN NaN 
NaN NaN 
5.677487e-01 4.510371e-01 
NaN NaN 
5.670536e-01 4.502635e-01 
5.706669e-01 4.541776e-01 
NaN NaN 
5.633677e-01 4.507738e-01 
NaN NaN 
5.355043e-01 4.070677e-01 
NaN NaN 
NaN NaN 
NaN NaN 
-4.585843e-02 4.532273e-01 
6.330635e-01 -7.227824e-02 
NaN NaN 
5.634897e-01 4.492770e-01 
NaN NaN 
NaN NaN 
5.693003e-01 4.524651e-01 
6.349603e-01 -7.309135e-02 
5.701956e-01 4.526462e-01 
NaN NaN 
5.677297e-01 4.517436e-01 
5.638393e-01 4.500988e-01 
5.665925e-01 4.501438e-01 
5.624037e-01 4.479468e-01 
5.702105e-01 4.525944e-01 
5.699814e-01 4.526666e-01 
5.625571e-01 4.486372e-01 
NaN NaN 
5.630630e-01 4.497471e-01 
NaN NaN 
5.323960e-01 4.037776e-01 
6.199248e-01 -6.364976e-02 
5.629609e-01 4.486768e-01 
NaN NaN 
NaN NaN 
NaN NaN 
5.705686e-01 4.527158e-01 
-4.692112e-02 4.524253e-01 
5.710981e-01 4.517146e-01 
NaN NaN 
5.701478e-01 4.528249e-01 
NaN NaN 
-4.674952e-02 4.515593e-01 
5.716246e-01 4.514177e-01 
5.701976e-01 4.529444e-01 
NaN NaN 
5.703334e-01 4.522684e-01 
-4.656141e-02 4.519697e-01 
-4.708238e-02 4.524516e-01 
5.541157e-01 -4.116721e-02 
5.687196e-01 4.520241e-01 
5.678842e-01 4.505767e-01 
-4.592253e-02 4.519781e-01 
NaN NaN 
NaN NaN 
5.710227e-01 4.523337e-01 
-4.815139e-02 4.517764e-01 
5.664316e-01 4.522166e-01 
5.712354e-01 4.532186e-01 
-4.801222e-02 4.535032e-01 
6.346560e-01 -7.275214e-02 
5.335541e-01 4.045174e-01 
-4.757219e-02 4.527530e-01 
NaN NaN 
NaN NaN 
-4.610622e-02 4.516747e-01 
NaN NaN 
NaN NaN 
5.703470e-01 4.513826e-01 
5.704822e-01 4.520916e-01 
5.323225e-01 4.037922e-01 
5.310754e-01 4.046017e-01 
5.546728e-01 -3.861527e-02 
5.718634e-01 4.515808e-01 
5.672316e-01 4.518029e-01 
5.632335e-01 4.487777e-01 
5.703580e-01 4.530949e-01 
5.688222e-01 4.521666e-01 
5.700590e-01 4.523112e-01 
5.632609e-01 4.485874e-01 
5.682483e-01 4.519094e-01 
5.680493e-01 4.512881e-01 
5.691089e-01 4.521307e-01 
NaN NaN 
-4.277681e-03 4.030623e-01 
NaN NaN 
-4.689370e-02 4.532171e-01 
5.633046e-01 4.502682e-01 
NaN NaN 
5.629313e-01 4.485077e-01 
-4.803769e-02 4.529185e-01 
5.671172e-01 4.510336e-01 
5.706077e-01 4.533542e-01 
NaN NaN 
-4.687653e-02 4.535573e-01 
-4.723899e-02 4.526567e-01 
NaN NaN 
-4.744040e-02 4.525497e-01 
5.627799e-01 4.493816e-01 
5.629615e-01 4.493653e-01 
-4.786889e-02 4.532122e-01 
5.631541e-01 4.485841e-01 
5.625248e-01 4.482125e-01 
-4.625453e-02 4.525043e-01 
5.335539e-01 4.044417e-01 
5.344472e-01 4.032657e-01 
5.628727e-01 4.501086e-01 
5.624390e-01 4.492487e-01 
-4.778466e-02 4.530266e-01 
5.706104e-01 4.524947e-01 
5.707934e-01 4.521096e-01 
5.705975e-01 4.524116e-01 
5.671694e-01 4.510286e-01 
5.634275e-01 4.488500e-01 
5.332939e-01 4.038154e-01 
NaN NaN 
NaN NaN 
NaN NaN 
NaN NaN 
NaN NaN 
NaN NaN 
6.345910e-01 -7.328476e-02 
NaN NaN 
5.624230e-01 4.482918e-01 
5.705957e-01 4.522827e-01 
NaN NaN 
-2.636232e-03 4.047901e-01 
NaN NaN 
NaN NaN 
5.537371e-01 -4.342963e-02 
NaN NaN 
-1.602369e-02 4.062879e-01 
5.684807e-01 4.520094e-01 
-3.062285e-03 4.041561e-01 
NaN NaN 
5.705436e-01 4.533962e-01 
5.698187e-01 4.524604e-01 
NaN NaN 
5.316409e-01 4.061302e-01 
5.630961e-01 4.492790e-01 
5.710047e-01 4.521318e-01 
5.708564e-01 4.518741e-01 
5.702543e-01 4.519947e-01 
5.630314e-01 4.493282e-01 
5.671754e-01 4.503610e-01 
NaN NaN 
5.665316e-01 4.507661e-01 
NaN NaN 
5.704133e-01 4.517524e-01 
-4.740091e-02 4.530566e-01 
5.318669e-01 4.058311e-01 
NaN NaN 
NaN NaN 
5.698296e-01 4.531517e-01 
5.677742e-01 4.521638e-01 
NaN NaN 
5.644125e-01 4.493921e-01 
5.562235e-01 -3.861939e-02 
5.707534e-01 4.516700e-01 
5.689394e-01 4.512904e-01 
NaN NaN 
5.529701e-01 -4.368566e-02 
-3.513383e-03 4.067236e-01 
5.643968e-01 4.495952e-01 
5.627372e-01 4.485542e-01 
NaN NaN 
NaN NaN 
5.628960e-01 4.480870e-01 
NaN NaN 
-4.662164e-02 4.529909e-01 
5.682336e-01 4.510750e-01 
5.706258e-01 4.524294e-01 
-4.685528e-02 4.521221e-01 
NaN NaN 
NaN NaN 
5.634771e-01 4.497632e-01 
5.639950e-01 4.503762e-01 
5.543947e-01 -4.221037e-02 
5.625829e-01 4.487706e-01 
5.631406e-01 4.489104e-01 
5.702125e-01 4.527992e-01 
NaN NaN 
NaN NaN 
5.676740e-01 4.509653e-01 
5.676799e-03 4.065518e-01 
5.535056e-01 -4.318355e-02 
-4.588565e-02 4.524348e-01 
5.701405e-01 4.523152e-01 
-9.193797e-02 2.795508e-01 
-9.187692e-02 2.793380e-01 
-4.688573e-02 4.533452e-01 
-4.540577e-02 4.530739e-01 
NaN NaN 
NaN NaN 
NaN NaN 
5.713135e-01 4.530956e-01 
6.200448e-01 -6.327558e-02 
NaN NaN 
5.716732e-01 4.504258e-01 
NaN NaN 
5.628667e-01 4.496715e-01 
5.543748e-01 -4.256101e-02 
NaN NaN 
NaN NaN 
NaN NaN 
NaN NaN 
NaN NaN 
NaN NaN 
5.680654e-01 4.524094e-01 
NaN NaN 
NaN NaN 
NaN NaN 
NaN NaN 
NaN NaN 
5.699886e-01 4.517667e-01 
-4.698359e-02 4.513133e-01 
NaN NaN 
-4.646219e-02 4.513998e-01 
5.639463e-01 4.504672e-01 
NaN NaN 
-4.702513e-02 4.530922e-01 
-4.745703e-02 4.528152e-01 
NaN NaN 
NaN NaN 
NaN NaN 
5.708239e-01 4.520725e-01 
NaN NaN 
5.696963e-01 4.515587e-01 
5.676230e-01 4.502221e-01 
5.638800e-01 4.485218e-01 
5.676138e-01 4.511065e-01 
NaN NaN 
NaN NaN 
5.639665e-01 4.497648e-01 
NaN NaN 
5.704589e-01 4.525175e-01 
-5.645155e-02 -6.411153e-02 
5.694286e-01 4.530743e-01 
5.633850e-01 4.482507e-01 
5.709959e-01 4.523882e-01 
5.677038e-01 4.504990e-01 
NaN NaN 
NaN NaN 
5.639901e-01 4.488477e-01 
NaN NaN 
NaN NaN 
5.701200e-01 4.532167e-01 
5.623318e-01 4.493304e-01 
5.706788e-01 4.523323e-01 
5.713955e-01 4.530755e-01 
5.708174e-01 4.523796e-01 
NaN NaN 
NaN NaN 
NaN NaN 
NaN NaN 
5.705419e-01 4.524830e-01 
NaN NaN 
-4.725176e-02 4.522994e-01 
5.700487e-01 4.521196e-01 
5.707058e-01 4.519893e-01 
5.702510e-01 4.521884e-01 
5.707926e-01 4.523560e-01 
5.631498e-01 4.486357e-01 
NaN NaN 
5.635041e-01 4.492573e-01 
5.628243e-01 4.481503e-01 
5.679131e-01 4.514835e-01 
NaN NaN 
5.529270e-01 -4.325261e-02 
5.529701e-01 -4.349275e-02 
NaN NaN 
NaN NaN 
NaN NaN 
5.702865e-01 4.523402e-01 
-4.698042e-02 4.528152e-01 
NaN NaN 
5.337904e-01 4.056961e-01 
NaN NaN 
-4.714836e-02 4.536294e-01 
-4.716873e-02 4.535797e-01 
6.329839e-01 -7.299583e-02 
5.632190e-01 4.481921e-01 
5.632650e-01 4.482924e-01 
5.640718e-01 4.492165e-01 
5.641481e-01 4.493956e-01 
5.714056e-01 4.540617e-01 
5.625797e-01 4.493394e-01 
-4.720151e-02 4.524013e-01 
NaN NaN 
5.703846e-01 4.510935e-01 
-4.774425e-02 4.529495e-01 
NaN NaN 
5.633753e-01 4.495495e-01 
NaN NaN 
5.703258e-01 4.524166e-01 
5.690906e-01 4.513307e-01 
NaN NaN 
NaN NaN 
5.359989e-01 4.057170e-01 
NaN NaN 
NaN NaN 
5.710887e-01 4.519661e-01 
5.632640e-01 4.492319e-01 
5.670696e-01 4.511508e-01 
NaN NaN 
NaN NaN 
NaN NaN 
5.631672e-01 4.489385e-01 
5.632731e-01 4.486932e-01 
-4.611896e-02 4.521493e-01 
5.708738e-01 4.520338e-01 
5.710377e-01 4.511766e-01 
5.625939e-01 4.480680e-01 
5.625602e-01 4.491083e-01 
5.632706e-01 4.500140e-01 
NaN NaN 
NaN NaN 
NaN NaN 
-4.780200e-02 4.527831e-01 
NaN NaN 
NaN NaN 
NaN NaN 
5.627191e-01 4.498995e-01 
-1.340105e-02 4.059906e-01 
NaN NaN 
NaN NaN 
NaN NaN 
5.630000e-01 4.492646e-01 
5.705416e-01 4.523984e-01 
5.626150e-01 4.487732e-01 
NaN NaN 
5.632013e-01 4.487120e-01 
5.705684e-01 4.519684e-01 
5.694978e-01 4.527104e-01 
NaN NaN 
NaN NaN 
5.550375e-01 -4.158755e-02 
NaN NaN 
5.527678e-01 -4.255549e-02 
5.543489e-01 -4.226167e-02 
NaN NaN 
5.539932e-01 -4.178360e-02 
5.332192e-01 4.030856e-01 
5.704997e-01 4.532827e-01 
NaN NaN 
5.632460e-01 4.488777e-01 
-1.515441e-02 4.059274e-01 
NaN NaN 
NaN NaN 
NaN NaN 
NaN NaN 
6.349344e-01 -7.293085e-02 
5.706459e-01 4.540678e-01 
NaN NaN 
5.704972e-01 4.524752e-01 
NaN NaN 
NaN NaN 
5.530704e-01 -4.184852e-02 
NaN NaN 
NaN NaN 
5.639749e-01 4.492520e-01 
NaN NaN 
NaN NaN 
2.060865e-01 4.639466e-01 
NaN NaN 
-4.693000e-02 4.518768e-01 
2.057267e-01 4.632244e-01 
2.058761e-01 4.615756e-01 
2.063789e-01 4.599455e-01 
2.058829e-01 4.599747e-01 
NaN NaN 
2.060560e-01 4.601567e-01 
2.062507e-01 4.596300e-01 
2.061694e-01 4.599807e-01 
NaN NaN 
2.058080e-01 4.564108e-01 
2.051196e-01 4.572554e-01 
2.052730e-01 4.571004e-01 
2.054426e-01 4.570563e-01 
2.056137e-01 4.573269e-01 
5.631094e-01 4.489248e-01 
5.710564e-01 4.520937e-01 
2.057687e-01 4.550599e-01 
5.699890e-01 4.516891e-01 
NaN NaN 
5.690650e-01 4.529230e-01 
2.052938e-01 4.544923e-01 
NaN NaN 
NaN NaN 
5.653202e-01 4.497465e-01 
5.671814e-01 4.513512e-01 
6.340571e-01 -7.264448e-02 
2.058218e-01 4.508563e-01 
5.641459e-01 4.496328e-01 
5.627448e-01 4.485027e-01 
-9.828247e-02 4.362250e-01 
2.061911e-01 4.496642e-01 
5.700611e-01 4.528979e-01 
5.631073e-01 4.495492e-01 
2.053986e-01 4.475292e-01 
2.057043e-01 4.457594e-01 
5.636054e-01 4.499051e-01 
5.643605e-01 4.506409e-01 
5.636114e-01 4.504751e-01 
5.637438e-01 4.498303e-01 
5.641015e-01 4.503518e-01 
5.631345e-01 4.492047e-01 
5.628722e-01 4.491971e-01 
1.996778e-01 4.631624e-01 
NaN NaN 
5.630938e-01 4.490612e-01 
5.638933e-01 4.494030e-01 
NaN NaN 
5.639185e-01 4.499627e-01 
5.588466e-01 -3.822655e-02 
-4.690650e-02 4.535994e-01 
NaN NaN 
NaN NaN 
5.625464e-01 4.494835e-01 
5.662675e-01 4.507113e-01 
6.323081e-01 -7.264817e-02 
5.669615e-01 4.510558e-01 
5.630010e-01 4.493731e-01 
5.637677e-01 4.498813e-01 
5.663984e-01 4.520038e-01 
5.637011e-01 4.499956e-01 
5.700428e-01 4.523398e-01 
5.634160e-01 4.508560e-01 
NaN NaN 
5.627773e-01 4.504989e-01 
5.645229e-01 4.505021e-01 
5.653201e-01 4.513797e-01 
5.647639e-01 4.500684e-01 
5.642096e-01 4.496982e-01 
5.642678e-01 4.499623e-01 
NaN NaN 
2.069608e-01 4.554403e-01 
5.699981e-01 4.530351e-01 
5.666475e-01 4.511620e-01 
5.634741e-01 4.499198e-01 
5.641022e-01 4.502810e-01 
5.625939e-01 4.495981e-01 
NaN NaN 
NaN NaN 
NaN NaN 
1.979632e-01 4.545366e-01 
5.631789e-01 4.504234e-01 
2.037020e-01 4.373122e-01 
5.633395e-01 4.500679e-01 
2.040619e-01 4.386629e-01 
NaN NaN 
2.026217e-01 4.543423e-01 
NaN NaN 
NaN NaN 
NaN NaN 
5.642267e-01 4.501392e-01 
5.653031e-01 4.510043e-01 
5.663948e-01 4.511881e-01 
5.669818e-01 4.511189e-01 
6.074845e-01 -5.813622e-02 
2.032373e-01 4.536899e-01 
5.641845e-01 4.499038e-01 
5.716548e-01 4.528520e-01 
5.671495e-01 4.511655e-01 
5.712750e-01 4.522966e-01 
NaN NaN 
2.027962e-01 4.547676e-01 
5.649108e-01 4.511926e-01 
NaN NaN 
NaN NaN 
5.637749e-01 4.498343e-01 
NaN NaN 
5.647952e-01 4.514415e-01 
2.063807e-01 4.548372e-01 
NaN NaN 
5.638644e-01 4.501257e-01 
NaN NaN 
5.677842e-01 4.517716e-01 
2.028581e-01 4.390414e-01 
NaN NaN 
6.323403e-01 -7.309279e-02 
5.593088e-01 -3.894064e-02 
1.958085e-01 4.561814e-01 
5.637410e-01 4.492876e-01 
5.667583e-01 4.510552e-01 
NaN NaN 
5.650271e-01 4.509573e-01 
5.633021e-01 4.497989e-01 
5.668823e-01 4.507952e-01 
5.670099e-01 4.508655e-01 
6.321931e-01 -7.092714e-02 
5.625316e-01 4.501342e-01 
5.640530e-01 4.497986e-01 
5.636886e-01 4.494082e-01 
NaN NaN 
5.637020e-01 4.498860e-01 
5.645602e-01 4.520593e-01 
5.634601e-01 4.506129e-01 
5.634168e-01 4.503575e-01 
5.648787e-01 4.508927e-01 
5.714451e-01 4.532953e-01 
5.702920e-01 4.531036e-01 
5.642039e-01 4.505131e-01 
5.625466e-01 4.499477e-01 
5.635851e-01 4.499958e-01 
5.661108e-01 4.509947e-01 
NaN NaN 
2.010149e-01 4.666313e-01 
2.008499e-01 4.662015e-01 
2.008924e-01 4.627985e-01 
2.006906e-01 4.595290e-01 
2.008205e-01 4.557215e-01 
2.005066e-01 4.519046e-01 
2.003504e-01 4.482316e-01 
2.005554e-01 4.438159e-01 
2.004951e-01 4.397955e-01 
2.005258e-01 4.353051e-01 
2.006258e-01 4.305702e-01 
2.008471e-01 4.261376e-01 
2.009060e-01 4.206975e-01 
2.001846e-01 4.159544e-01 
2.004314e-01 4.108105e-01 
2.008117e-01 4.054155e-01 
2.004624e-01 4.002103e-01 
2.014174e-01 3.941746e-01 
2.005066e-01 3.883404e-01 
2.012520e-01 3.825225e-01 
2.012459e-01 3.759937e-01 
2.010359e-01 3.696790e-01 
2.012789e-01 3.632583e-01 
2.011611e-01 3.565160e-01 
2.011614e-01 3.495215e-01 
2.007236e-01 3.425098e-01 
2.013110e-01 3.351043e-01 
2.014479e-01 3.284238e-01 
2.013568e-01 3.204428e-01 
2.017242e-01 3.123924e-01 
2.017721e-01 3.050362e-01 
2.008615e-01 2.965798e-01 
2.024283e-01 2.884902e-01 
2.017026e-01 2.799268e-01 
2.020590e-01 2.712532e-01 
2.021702e-01 2.624750e-01 
2.016206e-01 2.537673e-01 
2.024914e-01 2.444164e-01 
2.026576e-01 2.353940e-01 
2.036290e-01 2.311649e-01 
2.047874e-01 2.310702e-01 
2.074998e-01 2.328790e-01 
2.092780e-01 2.350912e-01 
2.114114e-01 2.368861e-01 
2.139598e-01 2.387106e-01 
2.155480e-01 2.402661e-01 
2.177450e-01 2.419755e-01 
2.199126e-01 2.430769e-01 
2.218417e-01 2.438720e-01 
2.236223e-01 2.446573e-01 
2.254403e-01 2.455311e-01 
2.271261e-01 2.456681e-01 
2.294445e-01 2.457406e-01 
2.310057e-01 2.460594e-01 
2.332328e-01 2.460790e-01 
2.349517e-01 2.454807e-01 
2.370468e-01 2.451032e-01 
2.386677e-01 2.444503e-01 
2.407192e-01 2.437997e-01 
2.422713e-01 2.425445e-01 
2.444483e-01 2.417639e-01 
2.460047e-01 2.402385e-01 
2.478062e-01 2.387184e-01 
2.496424e-01 2.368648e-01 
2.511259e-01 2.352356e-01 
2.531327e-01 2.331618e-01 
2.553132e-01 2.309824e-01 
2.569122e-01 2.284388e-01 
2.586804e-01 2.261905e-01 
2.605265e-01 2.233223e-01 
2.625099e-01 2.204289e-01 
2.640422e-01 2.171674e-01 
2.656313e-01 2.141103e-01 
2.671957e-01 2.108727e-01 
2.694944e-01 2.072213e-01 
2.711821e-01 2.039097e-01 
2.748989e-01 2.013006e-01 
2.780157e-01 1.982703e-01 
2.809866e-01 1.953640e-01 
2.840887e-01 1.924365e-01 
2.870512e-01 1.885776e-01 
2.897431e-01 1.852088e-01 
2.926322e-01 1.813213e-01 
2.954537e-01 1.773289e-01 
2.981405e-01 1.731494e-01 
3.001565e-01 1.686665e-01 
3.030186e-01 1.643916e-01 
3.053551e-01 1.597852e-01 
3.072414e-01 1.553365e-01 
3.092022e-01 1.508552e-01 
3.114421e-01 1.467650e-01 
3.134568e-01 1.442545e-01 
3.150969e-01 1.427242e-01 
3.169623e-01 1.420283e-01 
3.190333e-01 1.418262e-01 
3.206359e-01 1.418883e-01 
3.228263e-01 1.414245e-01 
3.245913e-01 1.416053e-01 
3.264978e-01 1.412643e-01 
3.283619e-01 1.412710e-01 
3.301267e-01 1.416075e-01 
3.316724e-01 1.416096e-01 
3.339174e-01 1.417037e-01 
3.357606e-01 1.411723e-01 
3.374428e-01 1.411151e-01 
3.388914e-01 1.404951e-01 
3.410094e-01 1.401310e-01 
3.430149e-01 1.400190e-01 
3.450243e-01 1.393698e-01 
3.465886e-01 1.389200e-01 
3.485206e-01 1.381325e-01 
3.506083e-01 1.373723e-01 
3.531460e-01 1.365907e-01 
3.546879e-01 1.361293e-01 
3.569691e-01 1.351804e-01 
3.590645e-01 1.337983e-01 
3.615457e-01 1.330026e-01 
3.639756e-01 1.315757e-01 
3.661112e-01 1.301245e-01 
3.683108e-01 1.283838e-01 
3.712396e-01 1.272651e-01 
3.739347e-01 1.252901e-01 
3.763370e-01 1.233430e-01 
3.789951e-01 1.214869e-01 
3.816696e-01 1.199977e-01 
3.845178e-01 1.181471e-01 
3.879981e-01 1.168279e-01 
3.908918e-01 1.152504e-01 
3.941991e-01 1.141646e-01 
3.973117e-01 1.128849e-01 
4.014318e-01 1.127111e-01 
4.059802e-01 1.143090e-01 
4.109103e-01 1.172006e-01 
4.158912e-01 1.202837e-01 
4.221522e-01 1.227144e-01 
4.271431e-01 1.260371e-01 
4.332156e-01 1.282606e-01 
4.391305e-01 1.304909e-01 
4.444791e-01 1.323508e-01 
4.503367e-01 1.335268e-01 
4.568131e-01 1.342780e-01 
4.630338e-01 1.354533e-01 
4.686381e-01 1.356829e-01 
4.742506e-01 1.357059e-01 
4.803005e-01 1.356685e-01 
4.861717e-01 1.349527e-01 
4.919651e-01 1.337717e-01 
4.973809e-01 1.326261e-01 
5.030330e-01 1.311329e-01 
5.082363e-01 1.294804e-01 
5.131642e-01 1.273761e-01 
5.182293e-01 1.258306e-01 
5.231075e-01 1.227406e-01 
5.275686e-01 1.203668e-01 
5.320320e-01 1.175557e-01 
5.362900e-01 1.148716e-01 
5.408079e-01 1.112530e-01 
5.446696e-01 1.079634e-01 
5.488754e-01 1.046963e-01 
5.526504e-01 1.008430e-01 
5.562148e-01 9.742028e-02 
5.601616e-01 9.381949e-02 
5.636002e-01 8.983715e-02 
5.673235e-01 8.583868e-02 
5.701773e-01 8.146416e-02 
5.737034e-01 7.727753e-02 
5.770030e-01 7.279743e-02 
5.801530e-01 6.839767e-02 
5.829865e-01 6.356671e-02 
5.863105e-01 5.908890e-02 
5.889425e-01 5.375945e-02 
5.923988e-01 4.929948e-02 
5.948551e-01 4.370878e-02 
5.978805e-01 4.058514e-02 
5.999337e-01 3.890257e-02 
6.022943e-01 3.744436e-02 
6.040715e-01 3.627602e-02 
6.060984e-01 3.490977e-02 
6.079453e-01 3.489794e-02 
6.098885e-01 3.445064e-02 
6.120149e-01 3.415638e-02 
6.137908e-01 3.399441e-02 
6.156554e-01 3.337611e-02 
6.177254e-01 3.357595e-02 
6.195640e-01 3.332539e-02 
6.216166e-01 3.291393e-02 
6.234471e-01 3.262410e-02 
6.250747e-01 3.259205e-02 
6.270848e-01 3.276082e-02 
6.287873e-01 3.173422e-02 
6.304441e-01 3.133296e-02 
6.325553e-01 3.107157e-02 
6.343250e-01 3.027340e-02 
6.364355e-01 2.979750e-02 
6.382484e-01 2.949944e-02 
6.402174e-01 2.880641e-02 
6.422428e-01 2.855313e-02 
6.438597e-01 2.773497e-02 
6.459228e-01 2.731102e-02 
6.478780e-01 2.637108e-02 
6.495330e-01 2.597325e-02 
6.518162e-01 2.517947e-02 
6.534284e-01 2.443615e-02 
6.557799e-01 2.403840e-02 
6.572802e-01 2.281562e-02 
6.591304e-01 2.157920e-02 
6.612434e-01 2.097456e-02 
6.628828e-01 2.001669e-02 
6.650090e-01 1.839237e-02 
6.665312e-01 1.748433e-02 
6.687719e-01 1.601038e-02 
6.712808e-01 1.516835e-02 
6.731473e-01 1.337033e-02 
6.750920e-01 1.147140e-02 
6.778443e-01 9.728868e-03 
6.799620e-01 7.927976e-03 
6.823930e-01 5.733525e-03 
6.849772e-01 3.926388e-03 
6.878186e-01 1.415121e-03 
6.904861e-01 -8.158115e-04 
6.933098e-01 -3.586918e-03 
6.954922e-01 -6.595924e-03 
6.987961e-01 -9.357144e-03 
7.023303e-01 -1.196707e-02 
7.061801e-01 -1.490068e-02 
7.093563e-01 -1.852536e-02 
7.122323e-01 -2.289114e-02 
7.154596e-01 -2.596222e-02 
7.192189e-01 -3.020764e-02 
7.221689e-01 -3.446496e-02 
7.258137e-01 -3.916918e-02 
7.278619e-01 -4.228525e-02 
7.291015e-01 -4.373533e-02 
7.295083e-01 -4.672728e-02 
7.312171e-01 -4.976255e-02 
7.328315e-01 -5.194546e-02 
7.351501e-01 -5.456779e-02 
7.379714e-01 -5.814506e-02 
7.410198e-01 -6.107889e-02 
7.439198e-01 -6.318813e-02 
7.441676e-01 -6.132378e-02 
NaN NaN 
NaN NaN 
5.630235e-01 4.481127e-01 
5.677495e-01 4.512619e-01 
5.696765e-01 4.515919e-01 
-1.208555e-02 4.070306e-01 
5.706171e-01 4.535750e-01 
NaN NaN 
NaN NaN 
5.709082e-01 4.519843e-01 
5.543482e-01 -4.226416e-02 
NaN NaN 
5.626971e-01 4.487452e-01 
NaN NaN 
5.711333e-01 4.520441e-01 
5.707138e-01 4.517017e-01 
5.684845e-01 4.514782e-01 
NaN NaN 
5.626204e-01 4.481028e-01 
NaN NaN 
NaN NaN 
5.624634e-01 4.470805e-01 
5.629754e-01 4.480179e-01 
5.706790e-01 4.523074e-01 
5.641422e-01 4.492393e-01 
NaN NaN 
5.710864e-01 4.522348e-01 
NaN NaN 
-4.706117e-02 4.525073e-01 
6.335633e-01 -7.355012e-02 
6.333631e-01 -7.377052e-02 
NaN NaN 
NaN NaN 
NaN NaN 
NaN NaN 
NaN NaN 
NaN NaN 
NaN NaN 
-4.628059e-02 4.533643e-01 
NaN NaN 
-4.630069e-02 4.518328e-01 
5.683505e-01 4.512616e-01 
5.701339e-01 4.520154e-01 
-1.487223e-02 4.068870e-01 
5.628325e-01 4.479985e-01 
NaN NaN 
5.704728e-01 4.531668e-01 
5.709727e-01 4.510945e-01 
5.708696e-01 4.526494e-01 
NaN NaN 
5.702600e-01 4.525320e-01 
5.705556e-01 4.523239e-01 
5.707219e-01 4.514729e-01 
NaN NaN 
NaN NaN 
5.708914e-01 4.522061e-01 
5.708118e-01 4.515400e-01 
5.675967e-01 4.511872e-01 
5.673284e-01 4.510529e-01 
5.697495e-01 4.516685e-01 
5.695961e-01 4.510262e-01 
6.203446e-01 -6.450692e-02 
NaN NaN 
-4.640209e-02 4.534126e-01 
5.637307e-01 4.481718e-01 
NaN NaN 
5.709270e-01 4.512715e-01 
5.627548e-01 4.478689e-01 
5.534681e-01 -4.212352e-02 
5.709570e-01 4.524798e-01 
NaN NaN 
5.636285e-01 4.481479e-01 
5.636261e-01 4.494219e-01 
NaN NaN 
5.634751e-01 4.485186e-01 
NaN NaN 
NaN NaN 
NaN NaN 
NaN NaN 
6.351923e-01 -7.419282e-02 
NaN NaN 
5.631006e-01 4.495810e-01 
NaN NaN 
5.664900e-01 4.493768e-01 
5.636655e-01 4.484673e-01 
NaN NaN 
5.688554e-01 4.501147e-01 
5.521744e-01 -3.995264e-02 
NaN NaN 
NaN NaN 
5.629280e-01 4.486566e-01 
5.535409e-01 -4.081282e-02 
NaN NaN 
-1.139744e-02 4.058710e-01 
NaN NaN 
-9.348088e-02 2.768240e-01 
5.709801e-01 4.533821e-01 
NaN NaN 
5.700099e-01 4.524736e-01 
5.636626e-01 4.487982e-01 
NaN NaN 
NaN NaN 
NaN NaN 
5.681857e-01 4.505191e-01 
5.533464e-01 -4.220599e-02 
5.701306e-01 4.514992e-01 
5.529367e-01 -4.337743e-02 
5.537392e-01 -4.231943e-02 
NaN NaN 
NaN NaN 
-1.407593e-02 4.068122e-01 
5.684579e-01 4.517203e-01 
5.357802e-01 4.058805e-01 
5.705545e-01 4.524469e-01 
5.631359e-01 4.483923e-01 
NaN NaN 
-1.576219e-02 4.069965e-01 
NaN NaN 
5.563447e-01 -3.823203e-02 
NaN NaN 
5.669584e-01 4.510352e-01 
NaN NaN 
-4.686375e-02 4.529283e-01 
NaN NaN 
NaN NaN 
5.635691e-01 4.494387e-01 
NaN NaN 
NaN NaN 
5.628493e-01 4.488979e-01 
NaN NaN 
-4.687187e-02 4.527773e-01 
5.688690e-01 4.508077e-01 
5.672938e-01 4.503235e-01 
NaN NaN 
-4.690262e-02 4.533228e-01 
5.667485e-01 4.499270e-01 
NaN NaN 
5.636964e-01 4.492403e-01 
NaN NaN 
NaN NaN 
NaN NaN 
5.340645e-01 4.055894e-01 
NaN NaN 
NaN NaN 
5.670531e-01 4.505931e-01 
NaN NaN 
NaN NaN 
5.703279e-01 4.509154e-01 
5.630332e-01 4.484994e-01 
5.668434e-01 4.502324e-01 
5.632873e-01 4.484150e-01 
NaN NaN 
5.707736e-01 4.516503e-01 
NaN NaN 
NaN NaN 
5.706232e-01 4.515832e-01 
NaN NaN 
5.704773e-01 4.529786e-01 
5.699728e-01 4.529407e-01 
5.693809e-01 4.514230e-01 
NaN NaN 
-9.333609e-02 2.764952e-01 
NaN NaN 
NaN NaN 
5.627634e-01 4.485204e-01 
5.624900e-01 4.490424e-01 
NaN NaN 
-4.666206e-02 4.533495e-01 
5.347213e-01 4.058515e-01 
NaN NaN 
5.714391e-01 4.526287e-01 
-5.064287e-03 4.053379e-01 
7.171018e-01 -7.922107e-02 
5.528004e-01 -4.248644e-02 
NaN NaN 
5.706630e-01 4.518651e-01 
-4.749840e-02 4.529946e-01 
NaN NaN 
7.167634e-01 -7.908911e-02 
5.668515e-01 4.498074e-01 
5.525652e-01 -4.138467e-02 
5.633824e-01 4.490887e-01 
NaN NaN 
NaN NaN 
5.701619e-01 4.512208e-01 
NaN NaN 
NaN NaN 
NaN NaN 
NaN NaN 
NaN NaN 
5.712068e-01 4.502348e-01 
5.705662e-01 4.509629e-01 
-1.013756e-02 4.049969e-01 
NaN NaN 
5.706710e-01 4.520126e-01 
5.622061e-01 4.481006e-01 
5.709547e-01 4.515899e-01 
5.628023e-01 4.483900e-01 
5.630133e-01 4.484255e-01 
NaN NaN 
5.708497e-01 4.522449e-01 
5.707792e-01 4.523330e-01 
NaN NaN 
5.710773e-01 4.516020e-01 
5.667110e-01 4.505930e-01 
NaN NaN 
-4.723751e-02 4.525595e-01 
5.704650e-01 4.536345e-01 
NaN NaN 
5.549975e-01 -4.259668e-02 
NaN NaN 
5.674178e-01 4.506943e-01 
5.708138e-01 4.517159e-01 
NaN NaN 
5.628349e-01 4.476567e-01 
5.644298e-01 4.496297e-01 
6.335347e-01 -7.373657e-02 
NaN NaN 
5.693042e-01 4.518876e-01 
5.703802e-01 4.512503e-01 
5.629687e-01 4.491054e-01 
5.702946e-01 4.521578e-01 
-1.518128e-02 4.066106e-01 
NaN NaN 
5.702179e-01 4.515628e-01 
-4.624411e-02 4.527013e-01 
5.708529e-01 4.516921e-01 
5.701020e-01 4.513543e-01 
5.706799e-01 4.526453e-01 
5.714494e-01 4.520586e-01 
5.637707e-01 4.492987e-01 
6.326129e-01 -7.322656e-02 
5.695557e-01 4.511747e-01 
5.554713e-01 -3.931457e-02 
NaN NaN 
5.554680e-01 -3.781335e-02 
5.529612e-01 -4.297758e-02 
NaN NaN 
NaN NaN 
NaN NaN 
5.632959e-01 4.488413e-01 
5.670735e-01 4.501926e-01 
5.630849e-01 4.484598e-01 
5.371566e-01 4.043473e-01 
NaN NaN 
NaN NaN 
NaN NaN 
NaN NaN 
5.624547e-01 4.479573e-01 
NaN NaN 
NaN NaN 
-1.343764e-02 4.065606e-01 
NaN NaN 
5.351965e-01 4.033405e-01 
5.666420e-01 4.498198e-01 
-4.688014e-02 4.527162e-01 
5.528224e-01 -4.272904e-02 
NaN NaN 
NaN NaN 
5.707638e-01 4.511627e-01 
5.715682e-01 4.525071e-01 
NaN NaN 
-4.632101e-02 4.533321e-01 
5.621925e-01 4.492181e-01 
-4.599924e-02 4.525091e-01 
NaN NaN 
5.640844e-01 4.487482e-01 
-4.609002e-02 4.529011e-01 
5.712039e-01 4.518487e-01 
5.707852e-01 4.502978e-01 
5.712812e-01 4.509863e-01 
5.628424e-01 4.495010e-01 
-4.656711e-02 4.527798e-01 
5.701406e-01 4.522053e-01 
5.673406e-01 4.503729e-01 
5.634814e-01 4.495400e-01 
NaN NaN 
NaN NaN 
5.714402e-01 4.522636e-01 
5.715730e-01 4.520600e-01 
5.633764e-01 4.483292e-01 
NaN NaN 
5.627595e-01 4.484699e-01 
NaN NaN 
NaN NaN 
NaN NaN 
5.837227e-01 -3.149232e-02 
5.661040e-01 4.496722e-01 
-4.617494e-02 4.527808e-01 
NaN NaN 
6.191086e-01 -6.374184e-02 
NaN NaN 
6.324402e-01 -7.316870e-02 
5.638486e-01 4.486678e-01 
NaN NaN 
-4.634287e-02 4.535208e-01 
NaN NaN 
5.708147e-01 4.534027e-01 
5.677587e-01 4.507161e-01 
NaN NaN 
6.371593e-01 -7.372903e-02 
5.681656e-01 4.510203e-01 
5.635464e-01 4.496294e-01 
5.629379e-01 4.488841e-01 
5.628524e-01 4.484745e-01 
5.698466e-01 4.507145e-01 
5.677202e-01 4.507592e-01 
NaN NaN 
NaN NaN 
NaN NaN 
5.671041e-01 4.509866e-01 
5.630034e-01 4.486251e-01 
5.625953e-01 4.486385e-01 
5.685901e-01 4.514621e-01 
NaN NaN 
NaN NaN 
5.670808e-01 4.496662e-01 
NaN NaN 
5.633170e-01 4.486005e-01 
NaN NaN 
5.626994e-01 4.481975e-01 
NaN NaN 
NaN NaN 
NaN NaN 
NaN NaN 
NaN NaN 
5.640391e-01 4.496475e-01 
5.628952e-01 4.482125e-01 
5.701810e-01 4.517247e-01 
5.631054e-01 4.494268e-01 
5.624184e-01 4.493139e-01 
NaN NaN 
NaN NaN 
NaN NaN 
NaN NaN 
-1.330502e-02 4.060413e-01 
-4.620593e-02 4.531920e-01 
5.624584e-01 4.482828e-01 
NaN NaN 
5.626558e-01 4.479247e-01 
5.698883e-01 4.520663e-01 
NaN NaN 
5.621186e-01 4.471627e-01 
NaN NaN 
5.709780e-01 4.509513e-01 
5.706049e-01 4.522705e-01 
5.702567e-01 4.522093e-01 
5.707738e-01 4.521096e-01 
NaN NaN 
5.710128e-01 4.525554e-01 
NaN NaN 
-4.688243e-02 4.524850e-01 
5.634741e-01 4.483268e-01 
5.634676e-01 4.488795e-01 
5.695038e-01 4.522071e-01 
5.640794e-01 4.492541e-01 
5.680714e-01 4.510963e-01 
5.631731e-01 4.490693e-01 
-4.605524e-02 4.525002e-01 
-6.411214e-02 4.477426e-01 
5.711217e-01 4.510450e-01 
-4.552202e-02 4.527184e-01 
5.705259e-01 4.526761e-01 
5.640334e-01 4.486780e-01 
5.632179e-01 4.484454e-01 
NaN NaN 
NaN NaN 
NaN NaN 
5.627058e-01 4.481039e-01 
5.698729e-01 4.500095e-01 
5.699812e-01 4.507159e-01 
5.836020e-01 -3.288934e-02 
5.540985e-01 -4.358568e-02 
NaN NaN 
5.539982e-01 -4.479709e-02 
NaN NaN 
5.622883e-01 4.488203e-01 
-9.423179e-02 2.774942e-01 
NaN NaN 
5.622301e-01 4.489080e-01 
NaN NaN 
NaN NaN 
-4.752103e-02 4.519215e-01 
5.534224e-01 -4.097841e-02 
-4.580229e-02 4.522204e-01 
NaN NaN 
-4.583936e-02 4.524653e-01 
-4.635125e-02 4.523776e-01 
5.627132e-01 4.487712e-01 
5.529236e-01 -4.071407e-02 
5.696536e-01 4.515395e-01 
NaN NaN 
5.626997e-01 4.480002e-01 
-1.610543e-02 4.069185e-01 
NaN NaN 
NaN NaN 
6.336762e-01 -7.379404e-02 
5.634680e-01 4.485906e-01 
NaN NaN 
5.706908e-01 4.509131e-01 
5.669894e-01 4.495024e-01 
-1.624138e-02 4.090643e-01 
5.705445e-01 4.506353e-01 
5.708588e-01 4.529548e-01 
NaN NaN 
NaN NaN 
-9.999574e-02 4.141963e-01 
NaN NaN 
5.639113e-01 4.497436e-01 
NaN NaN 
5.695753e-01 4.529938e-01 
NaN NaN 
NaN NaN 
5.706081e-01 4.532641e-01 
5.704791e-01 4.520988e-01 
NaN NaN 
NaN NaN 
5.625913e-01 4.490493e-01 
5.630183e-01 4.485251e-01 
5.342328e-01 4.073021e-01 
5.635799e-01 4.474103e-01 
5.336543e-01 4.047702e-01 
5.634816e-01 4.482734e-01 
5.633106e-01 4.494606e-01 
5.628639e-01 4.486549e-01 
5.704352e-01 4.521349e-01 
NaN NaN 
5.709266e-01 4.539462e-01 
NaN NaN 
5.620622e-01 4.486028e-01 
NaN NaN 
5.635579e-01 4.487509e-01 
NaN NaN 
5.667243e-01 4.493411e-01 
5.700481e-01 4.515416e-01 
5.330824e-01 4.035284e-01 
NaN NaN 
5.638789e-01 4.490585e-01 
5.677677e-01 4.489447e-01 
5.651416e-01 4.494283e-01 
5.342429e-01 4.058359e-01 
5.630256e-01 4.484299e-01 
5.709422e-01 4.514971e-01 
5.700000e-01 4.506287e-01 
5.708399e-01 4.512452e-01 
5.628834e-01 4.489458e-01 
5.633056e-01 4.482520e-01 
5.637514e-01 4.486600e-01 
NaN NaN 
5.627458e-01 4.478732e-01 
5.672568e-01 4.501077e-01 
5.639505e-01 4.490746e-01 
5.695719e-01 4.507737e-01 
NaN NaN 
5.690725e-01 4.505515e-01 
5.706968e-01 4.498945e-01 
NaN NaN 
NaN NaN 
5.705442e-01 4.530958e-01 
5.636203e-01 4.485094e-01 
NaN NaN 
NaN NaN 
5.340450e-01 4.034504e-01 
5.695097e-01 4.521532e-01 
NaN NaN 
2.850596e-03 4.068054e-01 
5.671660e-01 4.504675e-01 
NaN NaN 
NaN NaN 
5.707066e-01 4.504655e-01 
NaN NaN 
NaN NaN 
NaN NaN 
NaN NaN 
5.699392e-01 4.506934e-01 
5.664894e-01 4.494667e-01 
5.711466e-01 4.523608e-01 
5.701804e-01 4.523335e-01 
-4.693362e-02 4.530555e-01 
5.334926e-01 4.031400e-01 
5.701881e-01 4.511803e-01 
5.669721e-01 4.490357e-01 
-1.095016e-02 4.043005e-01 
-4.724898e-02 4.528141e-01 
5.681678e-01 4.515217e-01 
-1.345302e-02 4.049660e-01 
5.365060e-01 4.041218e-01 
5.672807e-01 4.502631e-01 
NaN NaN 
5.666548e-01 4.496056e-01 
5.624445e-01 4.495678e-01 
5.704372e-01 4.527756e-01 
7.167552e-01 -7.983755e-02 
5.632688e-01 4.482042e-01 
-4.549939e-02 4.524577e-01 
NaN NaN 
NaN NaN 
NaN NaN 
5.706596e-01 4.521933e-01 
6.342790e-01 -7.413620e-02 
5.703620e-01 4.509729e-01 
5.711674e-01 4.526336e-01 
5.669854e-01 4.508378e-01 
5.649194e-01 4.496413e-01 
5.713857e-01 4.516901e-01 
5.706031e-01 4.515092e-01 
5.707998e-01 4.518347e-01 
NaN NaN 
-4.715066e-02 4.530670e-01 
5.626215e-01 4.485564e-01 
NaN NaN 
5.629517e-01 4.476125e-01 
NaN NaN 
-1.328834e-02 4.050984e-01 
NaN NaN 
NaN NaN 
5.717655e-01 4.519184e-01 
NaN NaN 
NaN NaN 
5.532628e-01 -4.435476e-02 
NaN NaN 
NaN NaN 
NaN NaN 
5.618812e-01 4.481248e-01 
NaN NaN 
5.648052e-01 4.502280e-01 
NaN NaN 
NaN NaN 
5.695160e-01 4.517853e-01 
NaN NaN 
NaN NaN 
5.672580e-01 4.499911e-01 
NaN NaN 
5.677855e-01 4.495385e-01 
5.638076e-01 4.475034e-01 
5.644220e-01 4.485222e-01 
5.705605e-01 4.505673e-01 
NaN NaN 
5.699272e-01 4.515974e-01 
5.704706e-01 4.516914e-01 
5.702072e-01 4.517905e-01 
5.535838e-01 -4.447446e-02 
5.639616e-01 4.493364e-01 
5.675604e-01 4.494868e-01 
NaN NaN 
5.699204e-01 4.517140e-01 
5.522308e-01 -4.433693e-02 
-1.302288e-02 4.073607e-01 
NaN NaN 
NaN NaN 
5.701801e-01 4.523400e-01 
5.681716e-01 4.503918e-01 
-4.650117e-02 4.510415e-01 
5.670122e-01 4.499642e-01 
5.621117e-01 4.466835e-01 
5.610592e-01 4.459305e-01 
5.697856e-01 4.500927e-01 
5.692740e-01 4.508560e-01 
5.670000e-01 4.497585e-01 
NaN NaN 
5.619266e-01 4.474748e-01 
5.546324e-01 -4.246688e-02 
5.672051e-01 4.503460e-01 
NaN NaN 
5.620913e-01 4.493094e-01 
2.030411e-03 4.058485e-01 
5.686318e-01 4.509224e-01 
5.698569e-01 4.494546e-01 
NaN NaN 
-4.743492e-02 4.478905e-01 
5.672063e-01 4.471659e-01 
NaN NaN 
-1.547735e-02 4.025459e-01 
NaN NaN 
NaN NaN 
5.685114e-01 4.467342e-01 
5.685101e-01 4.468136e-01 
NaN NaN 
5.691424e-01 4.464065e-01 
5.681913e-01 4.463210e-01 
5.616551e-01 4.444139e-01 
5.683577e-01 4.465817e-01 
5.613330e-01 4.433970e-01 
5.641266e-01 4.455400e-01 
5.658472e-01 4.458684e-01 
NaN NaN 
5.645018e-01 4.445751e-01 
5.579558e-01 -4.636532e-02 
5.674487e-01 4.467735e-01 
5.613332e-01 4.431540e-01 
5.608732e-01 4.451564e-01 
5.612474e-01 4.437687e-01 
5.646584e-01 4.458916e-01 
5.618174e-01 4.443477e-01 
5.640527e-01 4.451638e-01 
5.614943e-01 4.444328e-01 
NaN NaN 
5.620775e-01 4.450049e-01 
5.616237e-01 4.446543e-01 
5.639678e-01 4.457360e-01 
5.619612e-01 4.437628e-01 
6.321162e-01 -7.692139e-02 
5.611394e-01 4.446617e-01 
5.681918e-01 4.470590e-01 
3.794792e-03 4.004651e-01 
5.620863e-01 4.440459e-01 
5.679988e-01 4.473923e-01 
NaN NaN 
-1.070154e-01 -4.280293e-02 
5.680092e-01 4.466556e-01 
5.685253e-01 4.476645e-01 
5.647763e-01 4.472885e-01 
5.654242e-01 4.473171e-01 
NaN NaN 
5.681049e-01 4.507779e-01 
NaN NaN 
NaN NaN 
5.684501e-01 4.504058e-01 
5.297135e-01 4.048938e-01 
5.684196e-01 4.515640e-01 
5.667550e-01 4.506272e-01 
-1.893989e-02 4.077725e-01 
NaN NaN 
NaN NaN 
5.548231e-01 -3.892125e-02 
NaN NaN 
NaN NaN 
5.641048e-01 4.506891e-01 
NaN NaN 
NaN NaN 
5.651489e-01 4.506218e-01 
5.679137e-01 4.520826e-01 
5.666575e-01 4.511205e-01 
5.614920e-01 4.486791e-01 
NaN NaN 
NaN NaN 
5.683353e-01 4.522647e-01 
5.679214e-01 4.521987e-01 
NaN NaN 
-4.851919e-02 4.499178e-01 
5.657021e-01 4.519074e-01 
5.679131e-01 4.545477e-01 
-5.098705e-02 4.525107e-01 
5.682966e-01 4.563267e-01 
5.691952e-01 4.575922e-01 
NaN NaN 
NaN NaN 
5.593114e-01 -3.212304e-02 
6.280336e-01 -5.678943e-02 
NaN NaN 
6.737230e-01 -7.291987e-02 
NaN NaN 
6.731745e-01 -6.959210e-02 
6.427557e-01 -7.202329e-02 
NaN NaN 
NaN NaN 
NaN NaN 
NaN NaN 
NaN NaN 
NaN NaN 
NaN NaN 
6.400550e-01 -6.468814e-02 
NaN NaN 
NaN NaN 
NaN NaN 
NaN NaN 
NaN NaN 
NaN NaN 
NaN NaN 
NaN NaN 
6.423467e-01 -6.035953e-02 
NaN NaN 
NaN NaN 
NaN NaN 
NaN NaN 
NaN NaN 
NaN NaN 
NaN NaN 
NaN NaN 
NaN NaN 
6.488070e-01 -6.437179e-02 
NaN NaN 
NaN NaN 
NaN NaN 
NaN NaN 
NaN NaN 
6.462912e-01 -6.300566e-02 
NaN NaN 
6.486591e-01 -6.272814e-02 
6.466503e-01 -6.323654e-02 
NaN NaN 
NaN NaN 
6.378099e-01 -6.739694e-02 
NaN NaN 
NaN NaN 
NaN NaN 
NaN NaN 
NaN NaN 
NaN NaN 
NaN NaN 
6.368903e-01 -6.947110e-02 
NaN NaN 
6.383293e-01 -6.946334e-02 
NaN NaN 
NaN NaN 
-9.627106e-02 4.562324e-01 
NaN NaN 
NaN NaN 
6.356630e-01 -6.897231e-02 
NaN NaN 
NaN NaN 
NaN NaN 
NaN NaN 
6.365973e-01 -6.563990e-02 
6.445891e-01 -5.892362e-02 
NaN NaN 
NaN NaN 
NaN NaN 
NaN NaN 
NaN NaN 
NaN NaN 
NaN NaN 
